0 
0 
0 
0 
0 
0 
0 
0 
0 
0 
0 
0 
0 
0 
0 
0 
0 
0 
0 
0 
0 
0 
0 
0 
0 
0 
0 
0 
0 
0 
0 
0 
0 
0 
0 
0 
0 
0 
0 
0 
0 
0 
0 
0 
0 
0 
0 
0 
0 
0 
0 
0 
0 
0 
0 
0 
0 
0 
0 
0 
0 
0 
2 
3 
4 
5 
0 
0 
0 
0 
0 
0 
0 
0 
0 
0 
0 
0 
0 
0 
0 
0 
0 
0 
0 
0 
0 
0 
0 
0 
0 
0 
0 
0 
0 
0 
0 
0 
0 
0 
0 
0 
0 
0 
0 
0 
0 
0 
0 
0 
0 
0 
0 
0 
0 
0 
0 
0 
0 
0 
0 
0 
0 
0 
0 
0 
1143 
1288 
-141 
315 
908 
-244 
1648 
-522 
-209 
316 
-1671 
-1839 
1651 
-865 
-1707 
1701 
333 
-1754 
-23 
1322 
1254 
-461 
1564 
-1386 
-706 
203 
-1212 
-2012 
-100 
-560 
-1352 
1722 
770 
-286 
1690 
1778 
-951 
-1997 
-870 
1032 
1828 
-1898 
5 
-2016 
303 
-200 
1049 
1994 
135 
-1641 
-162 
1050 
73 
-1231 
-326 
-934 
159 
1770 
-791 
-1758 
804 
251 
0 
0 
0 
0 
0 
0 
0 
0 
0 
0 
0 
0 
0 
0 
0 
0 
0 
0 
0 
0 
0 
0 
0 
0 
0 
0 
0 
0 
0 
0 
0 
0 
0 
0 
0 
0 
0 
0 
0 
0 
0 
0 
0 
0 
0 
0 
0 
0 
0 
0 
0 
0 
0 
0 
0 
0 
0 
0 
0 
0 
0 
0 
